738 649 5 22 0
603 493 15 1 0
814 578 64 35 9
822 679 7 27 0
336 259 27 40 0
720 523 8 21 2
711 598 1 29 0
940 693 99 6 2
4335 3844 318 46 0
5814 5245 365 21 0
6552 6050 306 22 11
6174 5654 282 31 8
5246 4594 445 11 3
642 517 24 26 2
1333 625 67 58 0
6077 5492 291 38 9
6123 5330 429 168 6
6083 5390 426 17 38
5991 5283 465 24 18
4347 3754 370 30 8
1315 1104 68 66 10
1470 1297 55 20 6
1699 972 469 55 1
5834 4765 600 280 23
6659 5573 563 233 2
6314 5399 442 137 4
4527 3898 294 202 0
1040 748 80 137 8
1340 1016 43 100 1
6060 5499 258 149 2
6078 5327 355 166 39
6899 6267 312 163 30
6508 5508 408 147 258
4222 3725 220 115 9
1369 964 51 195 28
1397 989 47 227 28
7245 6468 359 232 48
7340 6317 554 195 103
6765 5742 449 326 39
7008 6001 561 182 36
5207 4471 491 88 10
691 409 83 112 21
1333 810 178 200 65
8053 7114 543 189 76
7066 6273 395 223 79
6660 5659 403 348 85
6541 5626 436 234 65
4030 3306 361 210 5
1163 848 44 142 18
1671 1207 79 200 95
3232 2438 105 290 165
5858 5011 342 175 183
6698 5780 392 256 92
6800 5792 332 393 99
4782 4323 207 124 23
861 547 38 92 33
1594 1100 47 262 81
7227 6197 394 250 101
6504 5364 530 277 61
6843 5784 300 509 79
6732 5485 688 174 61
5201 4429 567 36 17
699 478 14 75 4
1465 843 56 260 168
6396 5407 530 242 70
7701 6479 432 262 66
6153 4997 439 239 99
7071 5912 600 267 81
4542 3974 274 91 7
1016 693 34 144 14
1513 1075 69 115 93
6836 5592 599 409 80
5257 4354 349 173 141
7494 6260 588 229 173
6618 5138 847 330 99
4851 4274 303 32 49
720 427 21 165 0
1253 716 107 166 200
6305 5430 243 304 176
5313 4606 136 312 140
5665 4859 183 199 214
4669 4012 185 182 134
4404 4053 159 111 5
882 648 32 91 15
1437 968 14 234 88
6451 5222 388 242 426
6105 5166 536 184 57
5095 4085 522 277 72
3286 2798 312 102 1
1556 1261 58 27 17
630 517 2 50 3
815 583 18 137 30
4138 3803 121 132 25
5080 4426 281 162 121
5545 4520 557 267 109
4608 3776 360 134 59
3517 2911 423 39 8
1104 1036 14 20 8
1460 1024 24 150 171
5555 4535 374 287 203
6185 5047 466 190 107
6206 5102 626 154 94
6684 5610 442 170 92
4567 3712 539 85 1
973 770 21 66 43
1483 1033 60 195 118
6513 5559 341 234 164
6744 5462 543 185 111
6709 5204 630 164 153
6000 5067 300 253 174
4128 3602 305 75 4
633 470 9 41 5
1197 811 42 149 27
5264 4615 379 135 2
6502 5581 576 128 12
6183 5292 502 168 17
5541 4948 346 110 2
4738 4041 371 78 5
624 257 22 65 7
865 579 23 84 0
6056 5031 499 184 40
5561 4672 464 160 21
5749 4475 760 250 11
5952 4396 988 285 55
4395 3647 471 115 43
662 528 26 69 8
1060 458 5 426 99
6266 5440 327 262 118
5975 5163 263 241 125
6035 4995 444 275 185
5181 4306 342 251 179
4161 3629 239 173 11
453 275 2 101 10
1148 798 12 158 129
5709 4955 263 242 122
5244 4162 629 229 139
5264 4252 326 351 162
5429 4248 495 297 137
4219 3554 281 137 12
665 516 32 60 5
1000 440 30 294 108
6066 5095 342 274 138
5528 4627 383 209 182
4347 3405 400 358 86
5321 4335 479 237 142
3775 3419 152 99 2
645 507 22 56 8
1082 551 13 266 191
5489 4596 92 271 342
4538 3568 292 256 261
4654 3400 503 434 149
3532 2486 470 391 104
2757 2133 425 104 10
323 205 16 34 35
783 340 2 259 123
1331 411 349 221 181
3440 2471 496 229 137
3157 2306 365 313 101
2985 1876 378 487 80
2137 1869 99 62 45
609 281 20 235 5
681 425 7 159 9
2948 2027 265 362 107
3033 2120 305 317 109
2405 1512 312 303 111
2607 1773 337 257 144
1751 1238 268 85 2
586 330 146 30 29
642 315 60 88 82
2239 1490 264 188 189
2181 1403 327 210 128
2448 1627 358 256 81
1898 1146 251 301 100
1176 620 315 136 0
386 207 66 29 1
1202 512 189 371 62
2003 1151 157 229 207
2507 1677 305 293 150
2586 1724 314 344 116
2173 1208 482 256 111
956 510 255 56 4
510 292 77 24 34
776 243 128 178 110
2100 1399 274 246 97
2146 1692 63 170 135
1517 1071 84 174 110
1241 749 71 239 113
930 542 169 39 10
893 395 293 54 5
948 502 95 224 88
745 386 54 138 75
1743 1223 103 117 147
2092 1535 25 289 93
1352 1080 38 132 31
805 642 4 76 1
789 595 94 71 3
1090 593 82 370 24
2042 1593 98 240 9
1628 1009 25 278 125
2021 1542 8 386 15
1538 1037 29 351 18
725 580 24 66 5
441 238 21 117 9
720 384 11 278 27
1501 945 37 331 80
1756 782 47 345 59
1631 1177 29 200 22
1196 807 27 264 12
699 531 18 110 4
443 346 4 61 18
1010 528 4 363 54
1693 1012 47 464 123
1936 1483 78 264 90
1443 929 16 266 185
1551 942 41 348 156
943 741 65 100 8
464 314 31 88 3
1128 412 13 445 215
1695 909 126 382 223
1506 967 21 287 161
1995 1014 159 343 429
1615 869 26 342 284
860 654 21 114 31
688 531 24 80 23
828 297 53 200 248
1561 909 49 224 254
1892 1142 166 205 327
2455 1886 74 308 115
2289 1786 11 296 96
1831 1586 83 97 2
601 455 21 68 30
1188 628 49 287 188
2369 1844 29 227 189
2496 1960 35 207 219
3560 2965 36 211 307
2438 1845 28 374 87
2011 1797 12 83 51
475 308 17 98 9
1188 537 7 276 335
3015 2347 21 227 308
3621 2860 185 376 131
4094 3477 74 267 208
3595 3080 94 244 112
2667 2373 94 105 35
523 404 9 67 22
1117 602 30 211 201
3711 2883 46 334 242
3316 2792 28 224 159
4670 3850 32 354 358
3711 3169 127 231 102
3180 3002 36 91 2
1120 877 1 30 161
957 407 39 199 249
1680 766 45 452 296
4754 4085 92 307 195
4486 3799 114 335 158
5353 4514 277 328 115
4554 4145 200 81 5
727 544 105 34 24
1646 945 125 262 237
6201 4963 483 287 314
5763 4768 353 242 296
6205 4914 489 399 262
6366 5410 389 241 159
4806 4252 271 139 0
935 690 4 98 5
1792 1006 79 182 313
5361 4334 344 218 186
6947 5726 607 265 229
6343 5407 247 174 357
5788 5075 292 114 156
4606 4076 311 56 10
984 625 30 105 41
1022 850 19 53 37
5570 4786 402 157 23
5369 4872 235 99 2
6131 5489 372 73 18
6514 5750 561 60 10
5203 4642 378 60 7
930 730 53 93 2
1791 1226 257 181 19
5429 4726 423 164 1
6119 5058 672 175 52
5996 5075 499 206 11
5943 5194 338 241 26
5036 4497 248 116 11
876 549 90 69 7
1230 737 118 197 102
4250 3597 118 301 126
5870 4919 324 367 104
5344 4194 335 464 208
5754 4831 473 151 158
4304 3709 431 57 16
965 622 243 20 36
1724 1222 217 163 57
5786 4582 486 479 115
5772 4765 427 358 113
5847 4744 459 292 181
5373 4552 389 148 164
4137 3555 345 108 0
744 574 38 67 24
1741 1240 103 310 3
6230 5029 442 332 164
5770 4729 450 317 130
5590 4610 468 208 125
5423 4575 439 205 91
4344 3903 271 36 4
1195 844 160 64 5
2035 1439 62 286 86
5251 4334 270 337 108
6995 5916 397 345 153
7442 6365 434 353 107
7680 6569 419 268 115
4746 4224 349 98 0
868 668 20 102 14
1424 857 41 389 99
6534 5405 487 332 169
5228 4149 399 373 136
5791 4926 380 253 53
7405 6432 415 223 73
3725 3395 172 70 7
929 658 36 126 1
1861 1111 77 471 65
6061 5081 457 260 83
6936 5641 638 338 100
6478 5223 690 269 60
6688 5687 414 263 57
5339 4726 415 37 3
1188 869 49 162 0
1466 801 60 347 116
4609 3788 355 196 98
4428 3666 324 237 47
2081 947 558 253 101
1369 389 614 175 66
1068 662 214 130 0
844 630 35 104 0
1566 843 21 523 86
6945 5952 450 253 133
7167 6145 376 323 127
6566 5823 443 152 46
6211 5276 559 220 27
5413 4857 401 84 0
531 383 25 54 5
1091 773 17 195 43
6746 5609 704 256 86
5600 4871 285 193 112
5645 4780 465 145 114
5606 4697 491 216 69
5018 4545 256 54 4
589 499 14 28 0
1266 882 10 195 76
5509 4633 583 148 24
5741 5043 428 81 29
5822 4888 559 133 75
4846 3944 572 103 6
3667 3238 310 76 0
740 555 6 124 0
599 441 21 87 6
3848 2735 955 17 2
3461 2956 351 19 1
2503 2000 321 48 0
1652 1089 389 55 0
1059 967 40 16 1
449 310 9 89 15
435 381 1 21 0
607 516 8 48 0
567 454 5 74 0
995 813 21 83 0
646 468 7 113 0
775 611 44 76 3
871 751 0 94 0
