0.00 0.00 0.00 0.00 0.00
0.03 0.00 0.00 0.00 0.00
0.16 0.28 0.00 0.83 0.00
2.22 0.03 0.00 0.01 0.00
0.03 0.02 0.87 0.00 0.00
0.00 0.00 0.01 0.00 0.00
0.00 0.00 0.00 0.00 0.00
0.00 0.00 0.00 0.00 0.00
0.00 0.00 0.00 0.00 0.00
0.00 0.00 0.00 0.00 0.00
0.00 0.00 0.00 0.00 0.00
0.19 0.86 0.00 1.09 0.00
0.54 0.35 1.73 0.02 0.00
0.04 0.04 0.86 0.07 0.00
0.02 0.00 0.02 0.00 0.00
0.00 0.00 0.00 0.00 0.00
0.00 0.00 0.00 0.00 0.00
0.02 0.39 0.00 0.55 0.00
0.00 0.04 0.00 0.00 0.00
0.00 0.00 0.00 0.00 0.00
0.00 0.00 0.00 0.00 0.00
0.00 0.00 0.00 0.00 0.00
0.27 0.00 0.00 0.29 0.00
0.61 0.78 1.88 1.71 0.00
0.04 0.00 0.38 0.00 0.00
0.00 0.07 0.00 0.00 0.00
0.04 0.02 0.02 0.03 0.00
0.00 0.00 0.02 0.00 0.00
0.00 0.00 0.00 0.01 0.00
0.00 0.00 0.02 0.00 0.00
0.00 0.00 0.11 0.00 0.00
0.00 0.00 0.00 0.00 0.00
0.49 0.23 0.31 0.91 0.43
0.00 0.03 0.35 0.00 0.49
0.00 0.00 0.00 0.08 0.00
0.00 0.00 1.00 1.56 1.73
0.00 0.00 0.02 0.00 0.04
0.00 0.00 0.00 0.00 0.00
0.00 0.00 0.00 0.00 0.00
0.28 0.00 0.02 0.00 0.00
0.19 0.96 0.16 0.74 0.30
0.00 0.02 0.31 0.00 0.43
0.00 0.00 0.01 0.01 0.00
0.00 0.00 0.02 0.00 0.03
0.00 0.00 0.00 0.00 0.00
0.00 0.00 0.00 0.00 0.00
0.00 0.00 0.00 0.14 0.00
1.32 0.19 1.08 0.85 1.06
0.00 0.00 0.01 0.02 0.00
0.05 0.00 0.00 0.00 0.03
0.00 0.00 0.00 0.00 0.00
0.06 0.00 0.00 0.00 0.00
0.65 0.31 0.13 0.59 0.32
0.02 0.00 0.12 0.60 0.49
0.00 0.00 0.11 0.60 0.00
0.04 0.12 0.13 0.27 0.49
0.48 0.74 1.30 0.97 1.21
0.00 0.02 0.02 0.00 0.00
0.00 0.00 0.00 0.00 0.00
0.00 0.05 0.00 0.05 0.00
0.16 0.43 0.17 0.00 0.04
0.06 0.00 0.01 0.01 0.00
0.43 0.19 0.03 0.01 0.00
0.62 0.13 0.00 0.24 0.00
0.29 0.49 0.49 0.01 0.25
0.00 0.00 0.00 0.00 0.01
0.00 0.00 0.00 0.00 0.00
0.12 0.00 0.00 0.00 0.00
0.18 0.15 0.00 0.00 0.00
0.23 0.00 0.00 0.03 0.00
0.58 0.00 0.21 0.12 0.12
0.03 0.00 0.00 0.03 0.00
0.03 0.19 0.15 0.49 0.08
0.02 0.37 1.28 0.00 0.52
0.00 0.00 0.01 0.00 0.00
0.00 0.00 0.00 0.00 0.00
0.00 0.00 0.00 0.00 0.00
0.07 0.00 0.00 0.08 0.00
0.14 0.73 0.13 1.18 0.13
0.08 0.00 0.19 0.00 0.62
0.00 0.00 0.00 0.00 0.01
0.54 0.00 0.00 0.06 0.06
0.00 0.00 0.00 0.00 0.00
0.00 0.00 0.00 0.00 0.00
0.00 0.61 0.02 0.01 0.00
0.31 0.00 0.14 0.18 0.05
0.00 0.39 0.48 0.00 0.14
0.00 0.00 0.01 0.00 0.00
0.68 0.00 0.00 0.05 0.00
0.00 0.00 0.15 0.00 0.05
0.00 0.00 0.00 0.00 0.00
0.00 0.00 0.00 0.00 0.00
0.21 0.00 0.00 0.00 0.00
1.34 0.00 0.00 0.47 0.00
0.00 0.00 0.07 0.00 0.68
0.00 0.00 0.00 0.00 0.00
0.51 0.01 0.00 0.00 0.00
0.04 0.51 0.02 0.00 0.00
0.00 0.39 0.45 0.25 0.00
0.12 0.22 0.00 0.00 0.00
0.31 0.00 0.19 0.34 0.37
0.00 0.00 0.00 0.00 0.04
0.00 0.00 0.00 0.00 0.00
0.26 0.01 0.00 0.61 0.00
0.36 0.27 0.73 0.00 1.00
0.43 0.16 0.02 0.00 0.01
0.53 0.08 0.00 0.00 0.00
0.28 0.02 0.00 0.00 0.00
0.52 0.00 0.00 0.04 0.00
0.63 0.94 0.67 0.04 0.13
0.00 0.03 0.01 0.00 0.00
0.00 0.00 0.00 0.00 0.00
0.00 0.00 0.00 0.00 0.00
0.00 0.00 0.00 0.00 0.00
0.00 0.00 0.00 0.07 0.00
0.00 0.11 0.20 0.09 0.06
0.00 0.03 0.06 0.00 0.15
0.00 0.00 0.00 0.00 0.00
0.00 0.00 0.00 0.00 0.00
0.00 0.00 0.00 0.01 0.00
0.07 0.52 0.38 0.14 0.00
0.00 0.00 0.12 0.00 0.00
0.00 0.00 0.00 0.00 0.00
0.00 0.00 0.00 0.00 0.00
0.00 0.00 0.00 0.00 0.06
0.00 0.00 0.00 0.00 0.15
0.00 0.00 0.00 0.01 0.00
0.57 0.00 0.00 0.58 0.61
