6.1 154
5.61 132
0.62 57.4
8.73 215
4.95 123
0.64 43.5
2.93 93.7
5.9 145
9.8 243
9.7 240
1.06 70.4
1.42 67.6
0.6 53.2
1.77 70.3
8.07 185
0.67 52.6
9.2 224
4.23 113
9.59 235
2.12 82.2
2.55 86.1
2.19 69
6.62 163
4.25 107
9.08 225
0.19 56.8
2.75 92.2
3.47 99.3
6.97 171
5.69 136
1.18 55.3
9.54 239
1.36 65.1
2.81 85.9
1.03 72.2
6.34 157
7.21 160
2.62 79.6
8.88 218
5.79 136
9.61 246
3.33 90.6
4.89 120
7.17 170
3.26 92.6
1.51 66.8
9.76 244
3.25 91.6
5.28 124
5.61 133
3.2 92
8.29 199
9.71 255
3.04 103
6.81 170
9.45 227
0.61 52.1
5.43 147
2.23 81.5
9.19 223
3.01 90.9
8.69 210
9.89 246
4.31 115
5.35 132
8.05 190
3.09 76.7
3.78 105
7.21 171
1.76 78.1
7.75 190
2.16 81.9
1.75 63.5
3.49 100
7.43 189
3.22 97.4
1.49 69.9
5.95 141
8.16 200
4.44 116
2.08 74.6
7.02 171
6.51 158
4.16 114
7.02 176
0.73 63.3
4.75 121
2.12 81.6
1.84 70
5.63 145
8.51 208
7.89 184
4.95 129
5.85 139
3.89 101
6.58 155
5.22 128
0.22 53.8
2.38 68.5
3.57 98.3
4.26 114
5.18 126
9.01 218
3.95 108
7.6 189
2.47 92.4
3.58 94.7
6.68 159
4.45 111
2.78 90.2
9.35 234
3.21 97.1
0.82 56.7
1.88 63.7
7.21 180
5.95 145
4.3 109
2.66 83.5
8.72 209
6.43 152
7.27 182
3.96 113
7.79 179
0.36 64.1
6.68 166
2.45 71.2
5.22 129
2.07 81.1
9.21 221
7.35 183
9.02 223
6.49 163
6.93 166
5.05 122
9.3 225
2.82 74
7 170
7.28 178
1.99 76.3
8.53 208
7.25 184
5.91 145
2.61 82.4
7.17 179
3.65 91.2
8.57 206
7.27 180
2.95 82.1
5.75 141
8.28 197
2.06 76.6
1.79 65.6
0.24 58.2
1.34 73.4
2.18 81.2
6.49 163
4.77 124
9.89 247
7.08 166
2.26 79
2.09 78
9.47 236
2.93 88.6
7.22 170
1.03 54.4
7.4 181
6.08 145
4.41 105
8.12 196
8.26 204
3.56 105
4.79 121
5.35 131
3.5 95.3
2.91 88.9
1.19 58.9
8.81 214
1.3 70.7
7.86 194
4.29 113
7.92 190
0.91 57.4
8.35 203
1.25 58.8
8.72 219
8.17 197
8.03 194
8.91 214
6.3 159
6.55 161
7.15 161
7.07 171
5.54 137
4.73 113
5.69 138
0.21 50.6
6.57 160
4.83 113
0.91 57.3
3.2 81.9
0.75 55.3
8.63 219
2.03 76.7
7.33 184
9.65 237
4.86 115
7.55 173
0.02 49.1
2.34 84.3
3.78 97.1
5.99 137
7.5 181
7.96 193
4.76 126
4.57 123
8.76 224
0.51 48
3.64 103
7.96 193
5.72 145
3.52 89
0.13 63.3
3.39 106
8.15 202
3.26 92.6
5.33 125
1.77 69.2
3.02 88.7
1.19 62.8
1.8 82.3
0.41 49.2
8.53 217
5.01 124
1.28 62.8
1.37 66.2
7.97 189
0.23 54.8
7.69 188
0.02 45.8
9.3 231
4.74 118
4.76 114
4.52 117
8.86 209
3.91 102
8.03 196
7.88 187
9 227
6.52 150
2.93 94.6
3.13 96.1
1.48 66.1
7.14 187
3.14 80
1.11 74.3
1.15 63.1
0.82 53.8
8.19 202
4.21 117
7.4 175
0.41 53.5
2.35 73.6
1.27 69.1
0.17 59
8.11 200
7.04 163
4.36 105
6.5 164
7.03 176
8.58 217
7.86 193
6.54 164
1.37 70.1
4.77 119
8.83 220
4.68 118
2.02 80.5
7.77 190
7.64 181
8.75 204
6.9 162
2.49 68.7
6.69 159
7.21 186
1.54 63.1
3.29 93.1
3.75 101
5.53 132
7.63 187
9.33 235
9.35 236
5.92 139
6.13 156
4.37 111
7.3 177
7.99 195
0.48 48.5
0.38 55.6
2.01 65.8
6.38 151
7.58 186
0.21 49
8.41 202
0.31 51.7
1.56 66.8
9.45 238
6.08 151
7.94 186
3.31 97.6
9.9 252
1.16 62.6
7.05 165
7.57 191
2.65 86.8
8.56 199
9 228
3.24 90
5.43 142
8.79 220
0.01 47.2
9.42 242
8.92 219
2.55 82.4
6.81 162
0.81 58.7
7.62 180
2.93 101
4.02 104
3.69 104
8.06 192
3.49 99.2
6.59 160
0.43 52.3
2.98 98.2
4.57 113
7.48 174
3.91 102
0.44 57.2
3.85 101
9.65 240
0.85 61.5
7.43 178
6.27 150
4.5 118
7.34 184
8.68 211
5.34 128
9.82 245
7.86 195
3.82 100
0.06 58.8
2.84 85.8
5.51 139
0.07 47.5
2.72 84.3
6.7 165
2.98 88
4.79 117
9.84 248
3.41 103
2.21 73.4
3.65 96.9
8.85 209
8.57 198
6.09 151
2.61 79.5
4.55 118
8.92 220
5.5 135
7.69 191
1.1 61
3.49 97.9
7.2 172
8.91 222
4.7 123
3.21 93
6.36 155
1.5 64.9
7.34 185
5.79 146
0.53 52
9.53 227
9.75 245
2.49 83.5
9.16 228
6.98 176
2.98 87.5
6.7 167
0.66 58.9
3.45 94.8
0.21 47
6.75 167
4.64 118
9.89 250
9.74 240
0.09 52.9
0.6 48.3
6.18 147
6.55 161
9.51 240
3.54 97.8
1.1 64.1
6 140
0.56 53.5
3.23 89.5
2.23 71.9
3.12 86.8
3.15 91.8
6.23 150
2.21 71.2
0.35 55.8
3.15 93.3
5.13 130
0.04 52.5
8.63 216
8.48 210
7.29 184
1.13 61.4
2.32 74.6
6.84 169
5 125
6.65 164
9.91 258
7.01 164
2.94 93
5.45 132
9.92 256
2.72 88.4
5.38 134
9.48 230
4.22 120
2.3 86.5
5.92 143
4.56 118
2.39 81.4
6.24 149
6.19 154
2.5 80.5
4 106
0.33 52.3
2.77 90.7
2.6 79
1.03 54.9
6.88 171
6.54 155
2.18 79.4
2.23 83.1
3.12 89.5
6.32 155
3.35 91
2.09 76.3
9.03 208
0.15 55.1
3.47 100
9.46 236
6.33 150
7.01 161
2.56 76.4
9.3 223
1.73 70.8
5 122
9.65 233
1.16 62.1
1.54 56.6
3.46 108
6.03 145
8.41 201
5.85 145
0.24 47.9
5.34 138
3.41 94.9
7.91 201
5.05 131
8.91 228
4.73 113
8.12 194
1.17 64.4
8.24 210
9.5 227
3.15 93.4
5.48 138
4.03 107
2.78 87.5
2.65 89.6
1.86 62.2
9.88 254
9.84 240
1.79 69.1
3.04 91.9
5.64 141
5.13 133
2 75.1
6.42 155
5.68 140
2.02 67.9
0.91 60.9
8.18 196
5.82 143
2.63 91.6
2.34 70.5
0.3 53.2
6.66 166
3.88 117
9.6 239
8.11 198
4.94 125
0.17 66.7
3.03 104
7.08 175
6.72 171
2.11 84.3
3.74 104
8.15 194
1.85 67.1
7.56 188
6.53 157
7.34 188
6.64 165
3.99 111
8.52 217
6.7 170
2.68 87
2.73 85.5
7.94 199
0.29 47.2
3.44 97.8
6.47 163
8.14 189
0.4 56
9.77 246
5.87 150
7.82 181
0.41 59.3
6.44 162
0.8 59.8
2.12 69.4
7.48 180
9.53 224
0.98 58.1
3.88 100
1.95 72.8
5.15 134
0.56 59.9
4.95 121
6.54 151
2.4 78.3
0.1 55.7
1.03 65.1
5.58 132
7.78 193
7.84 183
0.6 57.5
4.27 109
5.04 135
8.76 211
3.81 97
4.01 108
7.05 175
3.2 103
9.4 237
5.54 138
0.66 54.1
2.47 83.5
2.28 82.3
9.49 237
3.75 106
7.37 178
2.53 80.6
9.3 227
7.8 197
2.3 78.5
0.18 56.2
6.47 153
1.81 77.5
6.99 169
6.65 167
7.09 175
3.85 99.3
6.93 174
0 55.2
0.39 56.9
0.96 58.9
0.28 51.5
8.55 217
6.01 137
4.13 107
7.61 176
4.27 110
8.56 208
5.73 144
5.05 129
7.68 192
0.25 52
0.18 55.5
5.5 136
3.16 99.5
7.89 202
2.53 72.4
3.33 90.7
6.95 173
1.37 61.1
1.55 69.2
0.73 58.7
6.8 162
2.68 80.9
9.66 239
3.07 87.9
7.8 187
5.1 130
9.43 232
7.26 179
9.85 246
0.89 60
6.93 174
2.96 82.1
1.22 70.2
3.09 98.2
8.45 202
2.53 84.6
2.73 85.7
2.11 74.5
1.62 63.2
3.43 88.6
1.96 66.3
0.03 47.8
5.82 139
9.89 255
8.61 204
1.44 62
3.3 86.5
5.62 134
8 197
8.11 197
6.71 164
2.16 82.1
6.82 174
0.91 69.1
8.36 201
6.17 154
0.53 58.7
3.77 102
0.77 54.1
2.25 78.2
1.84 72
0.99 58.1
4.82 119
4.64 121
1.42 68.8
6.2 140
3.49 96.8
3.92 101
2.79 89.9
0.4 55.5
0.73 55.7
0.7 60.3
6.72 166
9.29 226
7.87 189
8.17 194
5.09 117
7.13 170
4.62 120
5.03 126
2.28 71.7
3.47 99.8
3.95 100
5.52 136
6.27 149
5.07 130
4.02 106
5.86 142
0.8 61.7
7.41 173
7.87 182
8.25 203
9.48 229
3.76 98.5
0.9 58.5
2.55 84.2
9.6 236
9.93 254
4.12 112
9.98 246
3 97.8
4.01 111
3.6 103
4.57 112
8.84 216
9.18 225
0.44 55.1
5.08 124
6.57 171
7.97 188
5.94 154
7.74 185
1.79 75.2
9.37 238
5.92 150
3.67 110
1.84 76
6.31 150
2.55 91.3
2.27 74.3
0.99 59.7
3.35 96.7
6.03 141
3.93 97.8
7.34 183
5.51 127
0.88 51.6
8.15 193
5.97 145
2.4 70.2
8.64 214
6.04 143
1.1 66.9
2.94 90.7
3.97 102
2.86 89.4
2.65 87.1
8.69 206
2.6 88.7
7.3 176
1.99 74.9
2.1 75.4
5.99 145
3.48 99.1
1.41 64.3
5.29 122
9.67 244
7.89 192
4.98 125
3.45 96.7
9.8 248
2.88 89.8
6.33 146
2.55 84.3
6.39 149
3.64 104
8.82 223
2.75 82.7
5.13 138
2.57 82.2
6.26 151
6.24 156
0.27 59
3.67 102
7.76 188
0.69 56.2
6.47 158
9.2 229
0.73 55
6.86 164
4.4 110
7.52 176
1.58 62.7
5.89 145
0.58 57.5
3.34 96.9
2.39 93.4
3.51 100
8.5 207
5.31 129
0.55 62.6
3.66 95.8
5.81 139
9.18 228
2.74 86.7
3.4 103
5.99 141
0.43 54.2
1.09 63.3
7.38 183
4.91 124
6.32 146
8.66 219
2.83 81.2
0.06 58
6.2 145
1.68 71.8
9.91 258
7.84 183
5.1 134
0.77 57.9
4.02 114
0.45 60.4
1.04 64.5
5.86 146
2.39 88.4
3.34 84.7
9.3 219
1.26 78.3
2.54 87.3
0.62 60.8
3.15 82.1
5.11 127
3.83 107
1.72 74.8
1.04 67.7
3.11 93.7
2.92 83.7
8.8 218
4.7 114
5.53 133
5.7 135
9.79 239
1.52 66.6
0.88 60.6
3.96 106
9.05 224
4.19 107
3.11 93.1
4.13 118
5.66 145
1.24 64.2
8.58 211
7.31 184
4.28 112
7.33 174
1.06 69.4
3.97 108
4.99 126
2.59 77.8
9.1 225
2.61 84.8
1.14 62.7
1 64.7
4.33 113
8.06 194
2.18 75
4.07 106
2.61 81.2
3.39 95.7
7.08 174
0.61 53.8
2.43 88
9.41 231
2.01 78.9
7.99 195
6.97 166
0.75 50
0.58 55.1
7.78 193
4 107
4.12 103
2.12 80.7
6.91 166
6.94 162
2.35 76.3
4.63 122
4.32 114
1.1 64.6
9.83 245
3.39 99
4.14 104
8.06 191
0.14 57.5
0.05 48.4
8.86 219
6.95 172
4.52 116
8.42 207
0.77 59
3.21 84.6
3.11 98.7
6.22 150
6.23 147
0.51 60.4
8.01 189
3.64 98.3
2.45 82.6
9.02 226
5.79 140
6.09 153
1.03 60.2
2.57 89.1
7.13 176
5.07 142
2.62 81.8
6.11 145
1.17 67.5
6.67 159
3.63 94.3
0.27 50.1
7.79 195
7.41 174
8.93 218
5.38 128
5.35 142
5.59 131
2.81 88.5
9.43 237
5.11 119
7.25 166
4.2 107
3 92
3.13 101
3.32 94
8.63 217
4.56 106
2.19 70.7
7.56 188
6.42 160
3.61 98
1.81 80.2
6.88 168
2.99 91.9
5.47 130
7.8 199
2.41 79.8
1.61 67.3
3.75 104
7.59 183
5.22 129
2.39 79.6
9.51 245
4.17 107
9.3 221
2.9 88.4
0.61 56.4
9.72 246
3.79 103
6.5 163
8.46 194
3.8 95.8
0.39 60.6
1.15 65.9
4.27 107
0.37 41.8
9.57 235
1.6 68.2
1.01 56.9
4.09 100
7.82 191
1.89 72
7.71 190
6.31 147
7.92 199
3.35 98.1
9.46 236
9.28 228
0.58 52.7
0.35 56.6
6.48 160
5.43 128
5.99 148
8.18 203
7.15 170
1.17 60.9
9.05 224
8.2 193
4.97 124
1.1 52.6
4.34 111
9.77 241
9.63 241
3.76 96.4
4.6 108
4.13 109
0.32 55.9
8.23 193
4.8 121
9.7 246
4.44 115
2.02 71.6
4.23 108
1 57.5
4.23 109
1.74 79.2
6.31 149
2.4 86.5
4.69 121
2.27 73.4
5.34 133
7.08 184
8.24 200
7 164
8.7 220
4.43 119
9.63 238
1.36 71
3.68 107
7.21 179
7.78 188
5.73 144
4.61 122
4.82 127
2.57 87.1
9.39 237
1.93 72.5
3.35 88.6
1.21 62.7
3.48 104
9.33 229
5.02 122
8.37 211
4.25 113
0.33 58.4
1.26 70.6
4.74 122
