313
27
15
54
4
17
16
38
52
20
83
22
71
48
43
90
94
30
90
134
76
64
62
50
32
28
25
19
47
55
52
77
366
592
797
629
819
766
773
438
455
204
131
120
95
148
128
40
21
4
29
20
53
18
35
105
167
520
574
607
499
853
566
244
300
189
124
92
79
63
74
24
56
52
13
33
31
31
12
62
246
674
875
1004
690
969
736
771
331
204
126
164
151
143
92
31
26
16
45
15
25
13
27
65
218
530
954
863
713
910
655
294
424
157
138
117
169
63
96
86
36
11
13
21
11
11
29
119
359
577
556
561
586
680
456
269
168
108
50
35
21
33
57
84
12
8
5
0
9
35
2
6
17
23
37
62
36
21
29
50
56
70
95
23
62
27
9
26
16
23
0
3
45
15
26
0
50
29
57
36
19
43
41
59
110
91
94
148
86
155
40
67
33
27
28
22
23
48
10
74
314
459
715
595
842
783
728
356
417
141
138
107
150
106
115
74
27
25
67
20
33
17
23
27
250
451
831
617
491
448
558
357
278
160
68
107
166
108
87
99
21
7
31
51
8
11
89
99
234
427
589
632
540
724
802
299
291
167
167
97
72
177
43
87
59
12
17
13
17
23
14
38
216
471
723
408
512
595
491
242
220
129
93
76
116
66
75
46
44
11
14
3
9
1
4
92
411
588
718
482
451
464
467
140
119
38
82
43
71
92
50
10
7
32
18
12
52
30
3
10
34
20
42
51
24
56
12
66
42
59
43
67
52
56
47
47
29
65
41
17
5
23
9
10
9
13
12
46
48
75
47
52
109
134
114
105
125
178
101
71
34
21
28
40
53
53
110
126
147
538
973
690
568
640
764
468
272
184
63
155
143
203
75
103
14
20
15
8
8
2
24
118
322
472
771
616
819
826
700
356
260
168
100
122
89
126
69
80
28
16
23
18
18
56
50
64
149
520
438
689
639
482
722
465
132
101
120
71
63
77
25
129
21
33
1
1
4
2
56
35
211
333
348
386
310
349
360
184
194
110
66
46
56
87
43
50
16
11
5
8
6
3
0
10
58
126
131
96
162
130
125
123
87
78
43
138
25
70
53
52
26
0
2
0
29
0
7
8
22
10
63
23
58
21
26
23
46
22
33
89
59
28
28
7
